n(0) : 0.000000
n(5000) : 0.106000
n(10000) : 0.432000
n(15000) : 0.904000
n(20000) : 1.590000
