n(0) : 0.000000
n(30000) : 0.000000
n(60000) : 0.000000
n(90000) : 0.000000
n(120000) : 0.000000
n(150000) : 0.000000
n(180000) : 0.000000
n(210000) : 0.000000
n(240000) : 0.000000
n(270000) : 0.000000
n(300000) : 0.000000
n(330000) : 0.000000
n(360000) : 0.000000
n(390000) : 0.000000
n(420000) : 0.000000
n(450000) : 0.000000
n(480000) : 0.000000
n(510000) : 0.000000
n(540000) : 0.000000
n(570000) : 0.000000
n(600000) : 0.000000
n(630000) : 0.000000
n(660000) : 0.000000
n(690000) : 0.000000
n(720000) : 0.000000
n(750000) : 0.000000
n(780000) : 0.000000
n(810000) : 0.000000
n(840000) : 0.000000
n(870000) : 0.000000
n(900000) : 0.000000
n(930000) : 0.000000
n(960000) : 0.000000
n(990000) : 0.000000
n(1020000) : 0.000000
n(1050000) : 0.000000
n(1080000) : 0.000000
n(1110000) : 0.000000
n(1140000) : 0.000000
n(1170000) : 0.000000
n(1200000) : 0.000000
n(1230000) : 0.000000
n(1260000) : 0.000000
n(1290000) : 0.000000
n(1320000) : 0.000000
n(1350000) : 0.000000
n(1380000) : 0.000000
n(1410000) : 0.000000
n(1440000) : 0.000000
n(1470000) : 0.000000
n(1500000) : 0.000000
n(1530000) : 0.000000
n(1560000) : 0.000000
n(1590000) : 0.000000
n(1620000) : 0.000000
n(1650000) : 0.000000
n(1680000) : 0.000000
n(1710000) : 0.000000
n(1740000) : 0.000000
n(1770000) : 0.000000
n(1800000) : 0.000000
n(1830000) : 0.000000
n(1860000) : 0.000000
n(1890000) : 0.000000
n(1920000) : 0.000000
n(1950000) : 0.000000
n(1980000) : 0.000000
n(2010000) : 0.000000
n(2040000) : 0.000000
n(2070000) : 0.000000
n(2100000) : 0.000000
n(2130000) : 0.000000
n(2160000) : 0.000000
n(2190000) : 0.000000
n(2220000) : 0.000000
n(2250000) : 0.000000
n(2280000) : 0.000000
n(2310000) : 0.000000
n(2340000) : 0.000000
n(2370000) : 0.000000
n(2400000) : 0.000000
n(2430000) : 0.000000
n(2460000) : 0.000000
n(2490000) : 0.000000
n(2520000) : 0.000000
n(2550000) : 0.000000
n(2580000) : 0.000000
n(2610000) : 0.000000
n(2640000) : 0.000000
n(2670000) : 0.000000
n(2700000) : 0.000000
n(2730000) : 0.000000
n(2760000) : 0.000000
n(2790000) : 0.000000
n(2820000) : 0.000000
n(2850000) : 0.000000
n(2880000) : 0.000000
n(2910000) : 0.000000
n(2940000) : 0.000000
n(2970000) : 0.000000
