7
A      0   29 9999 9999 9999   10 9999
B     29    0   16 9999 9999 9999   15
C   9999   16    0   12 9999 9999 9999
D   9999 9999   12    0   22 9999   18
E   9999 9999 9999   22    0   27   25
F     10 9999 9999 9999   27    0 9999
G   9999   15 9999   18   25 9999    0
